Current system has 1000000 clocks per one second
************************
* malloc function, 2^n *
************************
 0                      1          0   3.200000          5          0   3.100000          4
 1                      2          0   3.000000          4          0   3.000000          3
 2                      4          0   2.800000          3          0   2.900000          3
 3                      8          0   2.800000          3          0   2.900000          3
 4                     16          0   3.000000          3          0   2.800000          3
 5                     32          0   3.000000          3          0   2.900000          3
 6                     64          0   2.900000          3          0   2.900000          3
 7                    128          0   3.100000          4          0   2.900000          3
 8                    256          0   2.800000          3          0   2.700000          3
 9                    512          0   3.000000          4          0   3.000000          3
10                   1024          0   2.900000          3          0   2.800000          3
11                   2048          0   3.700000         12          0   3.200000          5
12                   4096          0   3.100000          4          0   2.700000          3
13                   8192          0   3.500000          9          0   3.000000          3
14                  16384          0   3.500000          9          0   2.900000          3
15                  32768          0   3.500000          9          0   2.800000          3
16                  65536          0   3.600000          9          0   2.800000          3
17                 131072          0   3.400000          9          0   3.000000          3
18                 262144          0   6.100000         23          0   5.200000         27
19                 524288          0   5.000000         15          0   3.800000         12
20                1048576          0   6.100000         14          0   4.300000         12
21                2097152          0   7.000000         28          0   4.900000         24
22                4194304          0   5.500000         17          0   4.200000         16
23                8388608          0   5.400000         17          0   4.200000         15
24               16777216          0   5.500000         16          0   4.700000         22
25               33554432          0  14.700000         17          0  13.700000         15
26               67108864          0  14.500000         16          0  14.900000         21
27              134217728          0  14.400000         15          0  15.100000         17
28              268435456          0  17.400000         24          0  20.100000         40
29              536870912          0  24.700000         41          0  34.200000         40
30             1073741824          0  22.400000         30          0  47.200000         65
31             2147483648          0  17.100000         22          0  32.900000         37
32             4294967296          0  23.700000         29          0  38.200000         46
33             8589934592: Memory not allocated.
34            17179869184: Memory not allocated.
35            34359738368: Memory not allocated.
36            68719476736: Memory not allocated.
37           137438953472: Memory not allocated.
38           274877906944: Memory not allocated.
39           549755813888: Memory not allocated.
40          1099511627776: Memory not allocated.
41          2199023255552: Memory not allocated.
42          4398046511104: Memory not allocated.
43          8796093022208: Memory not allocated.
44         17592186044416: Memory not allocated.
45         35184372088832: Memory not allocated.
46         70368744177664: Memory not allocated.
47        140737488355328: Memory not allocated.
48        281474976710656: Memory not allocated.
49        562949953421312: Memory not allocated.
50       1125899906842624: Memory not allocated.
51       2251799813685248: Memory not allocated.
52       4503599627370496: Memory not allocated.
53       9007199254740992: Memory not allocated.
54      18014398509481984: Memory not allocated.
55      36028797018963968: Memory not allocated.
56      72057594037927936: Memory not allocated.
57     144115188075855872: Memory not allocated.
58     288230376151711744: Memory not allocated.
59     576460752303423488: Memory not allocated.
60    1152921504606846976: Memory not allocated.
61    2305843009213693952: Memory not allocated.
62    4611686018427387904: Memory not allocated.
63    9223372036854775808: Memory not allocated.
************************
* calloc function, 2^n *
************************
 0                      1          0   3.200000          5          0   3.100000          4
 1                      2          0   2.700000          3          0   2.700000          3
 2                      4          0   2.900000          3          0   2.900000          3
 3                      8          0   2.700000          3          0   2.700000          3
 4                     16          0   3.000000          3          0   2.900000          3
 5                     32          0   3.100000          4          0   2.700000          3
 6                     64          0   3.000000          3          0   2.900000          3
 7                    128          0   3.000000          4          0   3.100000          5
 8                    256          0   2.900000          3          0   3.000000          3
 9                    512          0   4.300000         12          0   6.000000         30
10                   1024          0   4.700000         18          0   2.900000          3
11                   2048          0   3.200000          4          0   2.900000          3
12                   4096          0   3.900000         10          0   2.900000          3
13                   8192          0   4.300000         10          0   2.900000          3
14                  16384          0   4.800000         12          0   2.900000          3
15                  32768          0   8.800000         32          0   2.800000          3
16                  65536          0  20.400000         80          0   3.500000          4
17                 131072          0  30.700000        126          0   4.400000         17
18                 262144          0  61.500000        256          0   3.100000          4
19                 524288          0 105.000000        474          0   2.800000          3
20                1048576          0 202.300000        912          0   2.900000          3
21                2097152          0 430.600000       1836          0   3.200000          4
22                4194304          0 904.600000       3784          0   2.400000          3
23                8388608          0 2219.600000       4690          0   2.800000          6
24               16777216          0 2950.500000       5600          0   2.100000          4
25               33554432          0  14.100000         91          0   9.000000         37
26               67108864          0  14.900000         51          0   9.100000         12
27              134217728          0   7.800000         20          0   8.200000         22
28              268435456          0   5.200000          8          0   6.300000         12
29              536870912          0   5.000000          7          0   7.400000         11
30             1073741824          0   5.100000          7          0  10.000000         15
31             2147483648          0   6.000000          7          0  13.200000         16
32             4294967296          0   4.500000          6          0   8.900000          9
33             8589934592: Memory not allocated.
34            17179869184: Memory not allocated.
35            34359738368: Memory not allocated.
36            68719476736: Memory not allocated.
37           137438953472: Memory not allocated.
38           274877906944: Memory not allocated.
39           549755813888: Memory not allocated.
40          1099511627776: Memory not allocated.
41          2199023255552: Memory not allocated.
42          4398046511104: Memory not allocated.
43          8796093022208: Memory not allocated.
44         17592186044416: Memory not allocated.
45         35184372088832: Memory not allocated.
46         70368744177664: Memory not allocated.
47        140737488355328: Memory not allocated.
48        281474976710656: Memory not allocated.
49        562949953421312: Memory not allocated.
50       1125899906842624: Memory not allocated.
51       2251799813685248: Memory not allocated.
52       4503599627370496: Memory not allocated.
53       9007199254740992: Memory not allocated.
54      18014398509481984: Memory not allocated.
55      36028797018963968: Memory not allocated.
56      72057594037927936: Memory not allocated.
57     144115188075855872: Memory not allocated.
58     288230376151711744: Memory not allocated.
59     576460752303423488: Memory not allocated.
60    1152921504606846976: Memory not allocated.
61    2305843009213693952: Memory not allocated.
62    4611686018427387904: Memory not allocated.
63    9223372036854775808: Memory not allocated.
alloca function, 2^n
 0                      1          0   0.800000          1          0   0.000000          0
 1                      2          0   0.800000          1          0   0.000000          0
 2                      4          0   0.800000          1          0   0.000000          0
 3                      8          0   0.900000          1          0   0.000000          0
 4                     16          0   0.800000          1          0   0.000000          0
 5                     32          0   0.800000          1          0   0.000000          0
 6                     64          0   0.800000          1          0   0.000000          0
 7                    128          0   0.800000          1          0   0.000000          0
 8                    256          0   0.700000          1          0   0.000000          0
 9                    512          0   0.800000          1          0   0.000000          0
10                   1024          0   0.900000          3          0   0.000000          0
11                   2048          0   1.300000          3          0   0.000000          0
12                   4096          0   1.500000          3          0   0.000000          0
13                   8192          0   2.000000          5          0   0.000000          0
14                  16384          0   1.800000          4          0   0.000000          0
15                  32768          0   1.800000          3          0   0.000000          0
16                  65536          0   1.700000          3          0   0.000000          0
17                 131072          0   1.800000          3          0   0.000000          0
18                 262144          0   1.900000          5          0   0.000000          0
***************************
* malloc function, 2^n+1  *
***************************
 0                      2          0   0.900000          1          0   0.800000          1
 1                      3          0   0.800000          1          0   0.800000          1
 2                      5          0   0.800000          1          0   0.900000          1
 3                      9          0   0.800000          1          0   0.700000          1
 4                     17          0   0.800000          1          0   0.800000          1
 5                     33          0   0.800000          1          0   0.800000          1
 6                     65          0   0.800000          1          0   0.800000          1
 7                    129          0   0.800000          1          0   0.800000          1
 8                    257          0   0.800000          1          0   0.800000          1
 9                    513          0   0.900000          1          0   0.800000          1
10                   1025          0   0.800000          1          0   0.900000          1
11                   2049          0   0.900000          1          0   0.800000          1
12                   4097          0   0.800000          1          0   0.900000          1
13                   8193          0   0.900000          1          0   0.800000          1
14                  16385          0   0.800000          1          0   0.800000          1
15                  32769          0   0.800000          1          0   0.800000          1
16                  65537          0   0.900000          1          0   0.700000          1
17                 131073          0   0.800000          1          0   0.900000          1
18                 262145          0   0.800000          1          0   0.900000          1
19                 524289          0   0.800000          1          0   0.700000          1
20                1048577          0   0.900000          1          0   0.800000          1
21                2097153          0   0.900000          1          0   0.800000          1
22                4194305          0   0.800000          1          0   0.800000          1
23                8388609          0   0.900000          1          0   0.700000          1
24               16777217          0   0.800000          1          0   0.800000          1
25               33554433          0   4.400000          5          0   4.300000          6
26               67108865          0   4.100000          5          0   4.100000          5
27              134217729          0   4.000000          4          0   4.100000          5
28              268435457          0   4.700000          6          0   5.000000          5
29              536870913          0   4.600000          6          0   6.100000          7
30             1073741825          0   4.500000          5          0   9.200000         11
31             2147483649          0   4.600000          6          0   8.800000          9
32             4294967297          0   4.500000          5          0   8.900000          9
33             8589934593: Memory not allocated.
34            17179869185: Memory not allocated.
35            34359738369: Memory not allocated.
36            68719476737: Memory not allocated.
37           137438953473: Memory not allocated.
38           274877906945: Memory not allocated.
39           549755813889: Memory not allocated.
40          1099511627777: Memory not allocated.
41          2199023255553: Memory not allocated.
42          4398046511105: Memory not allocated.
43          8796093022209: Memory not allocated.
44         17592186044417: Memory not allocated.
45         35184372088833: Memory not allocated.
46         70368744177665: Memory not allocated.
47        140737488355329: Memory not allocated.
48        281474976710657: Memory not allocated.
49        562949953421313: Memory not allocated.
50       1125899906842625: Memory not allocated.
51       2251799813685249: Memory not allocated.
52       4503599627370497: Memory not allocated.
53       9007199254740993: Memory not allocated.
54      18014398509481985: Memory not allocated.
55      36028797018963969: Memory not allocated.
56      72057594037927937: Memory not allocated.
57     144115188075855873: Memory not allocated.
58     288230376151711745: Memory not allocated.
59     576460752303423489: Memory not allocated.
60    1152921504606846977: Memory not allocated.
61    2305843009213693953: Memory not allocated.
62    4611686018427387905: Memory not allocated.
63    9223372036854775809: Memory not allocated.
****************************
* calloc function, 2^n+1   *
****************************
 0                      2          0   0.800000          1          0   0.800000          1
 1                      3          0   0.800000          1          0   0.800000          1
 2                      5          0   0.900000          1          0   0.800000          1
 3                      9          0   0.900000          1          0   0.800000          1
 4                     17          0   0.900000          1          0   0.800000          1
 5                     33          0   0.800000          1          0   0.900000          1
 6                     65          0   0.800000          1          0   0.900000          1
 7                    129          0   0.800000          1          0   0.800000          1
 8                    257          0   0.900000          1          0   0.800000          1
 9                    513          0   0.800000          1          0   0.800000          1
10                   1025          0   0.700000          1          0   0.800000          1
11                   2049          0   1.000000          1          0   0.900000          1
12                   4097          0   0.900000          1          0   0.700000          1
13                   8193          0   1.000000          1          0   0.800000          1
14                  16385          0   1.200000          2          0   0.800000          1
15                  32769          0   1.800000          2          0   0.800000          1
16                  65537          0   3.000000          4          0   0.800000          1
17                 131073          0   5.200000          6          0   0.800000          1
18                 262145          0   9.800000         12          0   0.800000          1
19                 524289          0  18.800000         23          0   1.000000          1
20                1048577          0  36.300000         45          0   1.000000          1
21                2097153          0  72.600000         92          0   0.700000          1
22                4194305          0 166.800000        220          0   0.900000          1
23                8388609          0 1397.200000       2226          0   2.100000          4
24               16777217          0 1298.800000       2454          0   1.400000          3
25               33554433          0   5.800000         20          0   5.000000         14
26               67108865          0   4.100000          5          0   4.000000          4
27              134217729          0   4.100000          5          0   4.300000          5
28              268435457          0   5.100000          6          0   5.100000          6
29              536870913          0   4.800000          6          0   6.200000          7
30             1073741825          0   4.900000          5          0   8.600000          9
31             2147483649          0   5.400000          8          0  10.300000         21
32             4294967297          0   4.900000          6          0   9.100000         13
33             8589934593: Memory not allocated.
34            17179869185: Memory not allocated.
35            34359738369: Memory not allocated.
36            68719476737: Memory not allocated.
37           137438953473: Memory not allocated.
38           274877906945: Memory not allocated.
39           549755813889: Memory not allocated.
40          1099511627777: Memory not allocated.
41          2199023255553: Memory not allocated.
42          4398046511105: Memory not allocated.
43          8796093022209: Memory not allocated.
44         17592186044417: Memory not allocated.
45         35184372088833: Memory not allocated.
46         70368744177665: Memory not allocated.
47        140737488355329: Memory not allocated.
48        281474976710657: Memory not allocated.
49        562949953421313: Memory not allocated.
50       1125899906842625: Memory not allocated.
51       2251799813685249: Memory not allocated.
52       4503599627370497: Memory not allocated.
53       9007199254740993: Memory not allocated.
54      18014398509481985: Memory not allocated.
55      36028797018963969: Memory not allocated.
56      72057594037927937: Memory not allocated.
57     144115188075855873: Memory not allocated.
58     288230376151711745: Memory not allocated.
59     576460752303423489: Memory not allocated.
60    1152921504606846977: Memory not allocated.
61    2305843009213693953: Memory not allocated.
62    4611686018427387905: Memory not allocated.
63    9223372036854775809: Memory not allocated.
alloca function, 2^n+1
 0                      2          0   0.700000          1          0   0.000000          0
 1                      3          0   0.800000          1          0   0.000000          0
 2                      5          0   0.800000          1          0   0.000000          0
 3                      9          0   0.900000          1          0   0.000000          0
 4                     17          0   0.800000          1          0   0.000000          0
 5                     33          0   0.900000          1          0   0.000000          0
 6                     65          0   0.800000          1          0   0.000000          0
 7                    129          0   0.900000          1          0   0.000000          0
 8                    257          0   0.900000          1          0   0.000000          0
 9                    513          0   0.700000          1          0   0.000000          0
10                   1025          0   0.800000          1          0   0.000000          0
11                   2049          0   0.800000          1          0   0.000000          0
12                   4097          0   0.800000          1          0   0.000000          0
13                   8193          0   0.900000          1          0   0.000000          0
14                  16385          0   1.000000          1          0   0.000000          0
15                  32769          0   0.700000          1          0   0.000000          0
16                  65537          0   0.800000          1          0   0.000000          0
17                 131073          0   0.800000          1          0   0.000000          0
18                 262145          0   0.900000          1          0   0.000000          0

