$ cat /sys/class/memory_management/test_kmalloc 
kmalloc:
number     addr            size        alloc(ns)       free(ns)
    1     c70a22a8         1               2747           1714
    2     c70a22a8         2               1005            508
    3     c70a22a8         4                537            441
    4     c70a22a8         8                510            398
    5     c7802320         16               630            464
    6     c71ec0c0         32               519            439
    7     c71d3000         64               615            421
    8     c71de500         128              581            379
    9     c7babc00         256              715           1436
   10     c71dd400         512              823            425
   11     c71f0400         1024            1941            380
   12     c70cf800         2048            1149            459
   13     c7919000         4096            1097            445
   14     c7072000         8192            1645            432
   15     c7204000         16384          10028           6274
   16     c7208000         32768           2978           1700
   17     c7210000         65536           1829           1382
   18     c7220000         131072          2098           1468
   19     c7240000         262144          2669           2768
   20     c7280000         524288          4116           3430
   21     c7300000         1048576         6888           5726
   22     c6800000         2097152        14032           9778
   23     c6800000         4194304        23305          17540
   24       (null)         8388608        19950              0
   25       (null)         16777216        8017              0
   26       (null)         33554432       25207              0
   27       (null)         67108864       26982              0
   28       (null)         134217728      37757              0

 
