$ cat /sys/class/memory_management/test_kzmalloc 
kzmalloc:
number     addr            size        alloc(ns)       free(ns)
    1     c70a22a8         1               3452           4379
    2     c70a22a8         2                964            807
    3     c70a22a8         4                608            612
    4     c70a22a8         8                504            505
    5     c7802320         16               750            649
    6     c71ec100         32               728            592
    7     c71d3400         64               873            772
    8     c71de500         128              968            993
    9     c7babc00         256             1462           2464
   10     c71dd400         512             3367           2751
   11     c71f0400         1024            6242           4737
   12     c70cf800         2048            8888           8982
   13     c7919000         4096           17449          16018
   14     c7072000         8192           35938          33133
   15     c7204000         16384          55085         191873
   16     c7208000         32768          34046          93968
   17     c7210000         65536          57578         183961
   18     c7220000         131072        113335         473868
   19     c7240000         262144        227191         846022
   20     c7280000         524288        449556        2002365
   21     c7300000         1048576      1906103        3338440
   22     c6800000         2097152      1996026        6454756
   23     c6800000         4194304      3895408       12733721
   24       (null)         8388608        22107              0
   25       (null)         16777216        7218              0
   26       (null)         33554432        6397              0
   27       (null)         67108864        6155              0
   28       (null)         134217728       6088              0

 
