$ cat /sys/class/memory_management/test_get_free_page 
get_free_page:
number     addr            size        alloc(ns)       free(ns)
    1     c7202000         4096           10225           6690
    2     c7204000         8192            2911           1715
    3     c7208000         12288           1479           1008
    4     c7210000         16384           1425           1032
    5     c7220000         20480           1546           1169
    6     c7240000         24576           1877           2402
    7     c7280000         28672           2913           2807
    8     c7300000         32768           4939           4103
    9     c6800000         36864          11658           7272
   10     c6800000         40960          15223          12873
   11       (null)         45056          15073              0
   12       (null)         49152           6808              0
   13       (null)         53248           6113              0
   14       (null)         57344           5970              0
   15       (null)         61440           5889              0
   16       (null)         65536           5798              0
   17       (null)         69632           5861              0
   18       (null)         73728           5849              0
   19       (null)         77824           5917              0
   20       (null)         81920           5810              0
   21       (null)         86016          17594              0
   22       (null)         90112          49634              0
   23       (null)         94208         149272              0
   24       (null)         98304          10933              0
   25       (null)         102400         10544              0
   26       (null)         106496         20260              0
   27       (null)         110592         12605              0
   28       (null)         114688         11797              0

