$ cat /sys/class/memory_management/test_vmalloc 
vmalloc:
number     addr            size        alloc(ns)       free(ns)
    1     c8802000         1             249742          12610
    2     c880c000         2             225481           4339
    3     c880e000         4             237313           2512
    4     c8810000         8             324876           4050
    5     c8812000         16            222778           2738
    6     c8814000         32            221144           2410
    7     c8816000         64            320903           4189
    8     c8818000         128           223557           2972
    9     c881a000         256           222191           2349
   10     c881c000         512           220797           2360
   11     c881e000         1024          333152           4099
   12     c8852000         2048          224589           2760
   13     c8854000         4096          221649           2417
   14     c8856000         8192          221375           3055
   15     c8859000         16384         322219           5046
   16     c885e000         32768         298795           9069
   17     c8867000         65536         387385          11568
   18     c8878000         131072        333175          13937
   19     c8899000         262144        276216          37316
   20     c88da000         524288        311127         181098
   21     c8a16000         1048576       393064         133917
   22     c8b17000         2097152       643924         275044
   23     c8d18000         4194304      1088527        1168501
   24     c9119000         8388608      1930873        1799680
   25     c991a000         16777216     3685648        2431699
   26     c8a16000         33554432     5565656        5238048
   27     c8a16000         67108864    11872714        9092939
   28       (null)         134217728    4572809              0

