[71325.166938] time in ns
[71325.167081] kmalloc:size	minAlloc	avrAlloc	maxAlloc	minFree		avrFree		maxFree
[71325.168122] kmalloc:2^00+0	000000470	000070133	000625360	000000450	000001775	000012150
[71325.168422] kmalloc:2^00+1	000000460	000005543	000045810	000000440	000000560	000001340
[71325.168536] kmalloc:2^01+0	000000470	000000525	000000920	000000450	000000508	000000880
[71325.168630] kmalloc:2^01+1	000000470	000000505	000000760	000000450	000000468	000000540
[71325.168721] kmalloc:2^02+0	000000470	000000502	000000690	000000450	000000461	000000520
[71325.168811] kmalloc:2^02+1	000000470	000000498	000000660	000000460	000000497	000000790
[71325.168900] kmalloc:2^03+0	000000470	000000501	000000650	000000450	000000464	000000530
[71325.168991] kmalloc:2^03+1	000000470	000000557	000001180	000000430	000000481	000000750
[71325.169080] kmalloc:2^04+0	000000470	000000498	000000670	000000430	000000445	000000490
[71325.170173] kmalloc:2^04+1	000000470	000098480	000880410	000000430	000000575	000001570
[71325.170449] kmalloc:2^05+0	000000470	000005730	000047430	000000440	000000512	000001050
[71325.170550] kmalloc:2^05+1	000000510	000000616	000001220	000000480	000000596	000001330
[71325.170643] kmalloc:2^06+0	000000520	000000553	000000730	000000480	000000495	000000530
[71325.170735] kmalloc:2^06+1	000000470	000000550	000001060	000000450	000000517	000000920
[71325.170825] kmalloc:2^07+0	000000470	000000546	000001110	000000440	000000462	000000580
[71325.170915] kmalloc:2^07+1	000000460	000000506	000000770	000000430	000000486	000000890
[71325.171005] kmalloc:2^08+0	000000480	000000558	000001110	000000430	000000455	000000630
[71325.171094] kmalloc:2^08+1	000000480	000000556	000001120	000000440	000000463	000000570
[71325.172499] kmalloc:2^09+0	000000470	000133897	001199610	000000420	000000562	000001390
[71325.172633] kmalloc:2^09+1	000000420	000000504	000001100	000000370	000000444	000000950
[71325.172717] kmalloc:2^10+0	000000410	000000447	000000660	000000370	000000384	000000420
[71325.172799] kmalloc:2^10+1	000000470	000000565	000001160	000000430	000000500	000000950
[71325.172880] kmalloc:2^11+0	000000470	000000524	000000870	000000430	000000446	000000540
[71325.172960] kmalloc:2^11+1	000000420	000000495	000000890	000000380	000000431	000000700
[71325.173039] kmalloc:2^12+0	000000420	000000451	000000630	000000380	000000394	000000480
[71325.173118] kmalloc:2^12+1	000000430	000000495	000001020	000000380	000000435	000000800
[71325.174286] kmalloc:2^13+0	000000430	000096950	000827810	000000390	000011587	000100350
[71325.174439] kmalloc:2^13+1	000001440	000002846	000011940	000001340	000002108	000006710
[71325.174547] kmalloc:2^14+0	000001470	000001718	000003360	000001380	000001490	000002220
[71325.174642] kmalloc:2^14+1	000000930	000001182	000002770	000000750	000000865	000001630
[71325.174734] kmalloc:2^15+0	000000930	000001133	000002400	000000740	000000775	000000950
[71325.174829] kmalloc:2^15+1	000001020	000001274	000002890	000000830	000000977	000001510
[71325.174926] kmalloc:2^16+0	000001020	000001228	000002290	000000840	000000931	000001310
[71325.175044] kmalloc:2^16+1	000001820	000002336	000004540	000001630	000002056	000004240
[71325.176496] kmalloc:2^17+0	000001800	000146645	001048300	000001620	000003026	000009500
[71325.176654] kmalloc:2^17+1	000001590	000002108	000004250	000001370	000001728	000003250
[71325.176761] kmalloc:2^18+0	000001600	000001741	000002670	000001370	000001454	000001700
[71325.176887] kmalloc:2^18+1	000002290	000002473	000003620	000002060	000002315	000002880
[71325.177003] kmalloc:2^19+0	000002290	000002447	000003400	000002060	000002171	000002450
[71325.177145] kmalloc:2^19+1	000003760	000003942	000005180	000003430	000003518	000004010
[71325.178113] kmalloc:2^20+0	000003360	000084246	000729440	000003060	000003610	000007280
[71325.178486] kmalloc:2^20+1	000005900	000011893	000057170	000005470	000005916	000007270
[71325.178664] kmalloc:2^21+0	000005880	000006046	000006990	000005490	000005586	000005910
[71325.178940] kmalloc:2^21+1	000011010	000012134	000020750	000010280	000010418	000010950
[71325.179805] kmalloc:2^22+0	000011070	000076623	000522160	000010320	000010862	000013030
[71325.180454] kmalloc:2^22+1	000005610	000014651	000083550	000000290	000000368	000000690
[71325.180587] kmalloc:2^23+0	000005590	000006023	000008470	000000290	000000308	000000400
[71325.180712] kmalloc:2^23+1	000005610	000005947	000008080	000000300	000000318	000000400
[71325.180837] kmalloc:2^24+0	000005610	000005914	000007620	000000300	000000316	000000360
[71325.180960] kmalloc:2^24+1	000005620	000005887	000007440	000000300	000000322	000000400
[71325.181083] kmalloc:2^25+0	000005600	000005916	000007630	000000290	000000302	000000320
[71325.181875] kmalloc:2^25+1	000005600	000072911	000606930	000000300	000000378	000000710
[71325.182024] kmalloc:2^26+0	000005570	000006050	000008910	000000300	000000321	000000390
[71325.182636] kmalloc:2^26+1	000005640	000058938	000384340	000000310	000000377	000000660
[71325.182780] kmalloc:2^27+0	000005420	000006116	000010340	000000290	000000320	000000430
[71325.182903] kmalloc:2^27+1	000005450	000005781	000007780	000000290	000000304	000000350
[71325.183023] kmalloc:2^28+0	000005420	000005698	000007350	000000280	000000305	000000360
[71325.183231] kmalloc:2^28+1	000005470	000015133	000089840	000000290	000000327	000000510
[71325.183856] kmalloc:2^29+0	000005490	000060283	000494630	000000300	000000386	000000960
[71325.183998] kmalloc:2^29+1	000005500	000005942	000008740	000000300	000000318	000000380
[71325.184123] kmalloc:2^30+0	000005480	000005840	000008080	000000300	000000313	000000390
[71325.184839] kmalloc:2^30+1	000005490	000059268	000485630	000000290	000000354	000000710
[71325.184982] kmalloc:2^31+0	000005460	000005916	000008870	000000280	000000296	000000350
[71325.185105] kmalloc:2^31+1	000005460	000005794	000007780	000000280	000000296	000000350
[71325.185693] kmalloc:2^32+0	000000360	000046405	000413300	000000340	000000464	000001220
[71325.185786] kmalloc:2^32+1	000000360	000000403	000000660	000000340	000000406	000000840
[71325.185859] kmalloc:2^33+0	000000360	000000381	000000540	000000340	000000348	000000380
[71325.185929] kmalloc:2^33+1	000000360	000000376	000000460	000000330	000000348	000000370
[71325.185998] kmalloc:2^34+0	000000360	000000374	000000460	000000340	000000383	000000690
[71325.186067] kmalloc:2^34+1	000000350	000000368	000000470	000000340	000000346	000000370
[71325.186745] kmalloc:2^35+0	000000360	000056761	000506560	000000340	000000446	000001110
[71325.186839] kmalloc:2^35+1	000000350	000000428	000000930	000000320	000000391	000000820
[71325.186912] kmalloc:2^36+0	000000350	000000378	000000510	000000320	000000331	000000360
[71325.186983] kmalloc:2^36+1	000000350	000000432	000000970	000000330	000000347	000000430
[71325.187052] kmalloc:2^37+0	000000350	000000378	000000520	000000320	000000333	000000380
[71325.187123] kmalloc:2^37+1	000000400	000000475	000000910	000000370	000000432	000000850
[71325.187815] kmalloc:2^38+0	000000410	000056615	000504880	000000370	000000501	000001380
[71325.187910] kmalloc:2^38+1	000000360	000000455	000001100	000000340	000000424	000000920
[71325.187984] kmalloc:2^39+0	000000360	000000436	000000980	000000340	000000387	000000710
[71325.188055] kmalloc:2^39+1	000000360	000000428	000000920	000000330	000000376	000000690
[71325.188127] kmalloc:2^40+0	000000370	000000648	000002770	000000330	000000420	000001050
[71325.188831] kmalloc:2^40+1	000000370	000058050	000518270	000000330	000000457	000001320
[71325.188925] kmalloc:2^41+0	000000360	000000407	000000720	000000330	000000372	000000680
[71325.188999] kmalloc:2^41+1	000000360	000000416	000000790	000000320	000000366	000000670
[71325.189069] kmalloc:2^42+0	000000370	000000386	000000490	000000320	000000337	000000370
[71325.189140] kmalloc:2^42+1	000000420	000000510	000001130	000000380	000000452	000000950
[71325.189819] kmalloc:2^43+0	000000410	000055945	000499010	000000370	000000525	000001540
[71325.189912] kmalloc:2^43+1	000000360	000000437	000000920	000000320	000000391	000000830
[71325.189986] kmalloc:2^44+0	000000360	000000426	000000880	000000320	000000363	000000630
[71325.190058] kmalloc:2^44+1	000000360	000000438	000000990	000000330	000000391	000000850
[71325.190128] kmalloc:2^45+0	000000360	000000382	000000480	000000330	000000336	000000360
[71325.190978] kmalloc:2^45+1	000001300	000070631	000622720	000001230	000002158	000008640
[71325.191116] kmalloc:2^46+0	000001250	000001606	000004090	000001160	000001284	000002060
[71325.191998] kmalloc:2^46+1	000000820	000067517	000598880	000000660	000001245	000005360
[71325.195004] kmalloc:2^47+0	000000800	000052720	000466100	000000670	000001236	000005280
[71325.195580] kmalloc:2^47+1	000000900	000037493	000326900	000000720	000014460	000121070
[71325.195683] kmalloc:2^48+0	000000900	000001101	000002440	000000730	000000800	000001260
[71325.195783] kmalloc:2^48+1	000001600	000001891	000003910	000001440	000001614	000002750
[71325.195886] kmalloc:2^49+0	000001600	000002172	000003410	000001470	000001822	000002680
[71325.195982] kmalloc:2^49+1	000001380	000001655	000003100	000001200	000001467	000002430
[71325.196072] kmalloc:2^50+0	000001390	000001505	000002190	000001200	000001264	000001490
[71325.196828] kmalloc:2^50+1	000001990	000063117	000549750	000001770	000002440	000005130
[71325.196955] kmalloc:2^51+0	000001990	000002201	000003310	000001750	000001888	000002180
[71325.197083] kmalloc:2^51+1	000003260	000003523	000004980	000002920	000003048	000003440
[71325.197817] kmalloc:2^52+0	000003270	000055811	000474510	000002990	000003471	000006750
[71325.198009] kmalloc:2^52+1	000005720	000006065	000008360	000005350	000005470	000005970
[71325.198698] kmalloc:2^53+0	000005720	000051027	000410580	000005430	000016955	000105300
[71325.198978] kmalloc:2^53+1	000010740	000011228	000014700	000010040	000010173	000010840
[71325.199688] kmalloc:2^54+0	000010700	000049818	000359650	000010100	000020532	000100700
[71325.199847] kmalloc:2^54+1	000005420	000007753	000023370	000000290	000000306	000000380
[71325.199972] kmalloc:2^55+0	000005460	000005837	000007980	000000280	000000296	000000340
[71325.200094] kmalloc:2^55+1	000005480	000005798	000007800	000000290	000000302	000000330
[71325.200775] kmalloc:2^56+0	000005470	000056007	000455900	000000290	000000360	000000690
[71325.200917] kmalloc:2^56+1	000005430	000005910	000008780	000000290	000000301	000000330
[71325.201042] kmalloc:2^57+0	000005440	000005827	000008140	000000290	000000295	000000310
[71325.201695] kmalloc:2^57+1	000005470	000063798	000429850	000000290	000000371	000000650
[71325.201838] kmalloc:2^58+0	000005440	000005937	000008860	000000290	000000310	000000390
[71325.201961] kmalloc:2^58+1	000005430	000005751	000007730	000000300	000000308	000000320
[71325.202081] kmalloc:2^59+0	000005440	000005752	000007490	000000300	000000311	000000350
[71325.202747] kmalloc:2^59+1	000005460	000053970	000438110	000000300	000000358	000000720
[71325.202888] kmalloc:2^60+0	000005420	000005902	000008890	000000290	000000305	000000340
[71325.203012] kmalloc:2^60+1	000005460	000005788	000007650	000000300	000000304	000000330
[71325.203701] kmalloc:2^61+0	000005440	000067510	000461260	000000300	000000387	000000680
[71325.203847] kmalloc:2^61+1	000005480	000006040	000009510	000000280	000000304	000000360
[71325.203972] kmalloc:2^62+0	000005460	000005793	000007820	000000290	000000291	000000300
[71325.204093] kmalloc:2^62+1	000005500	000005772	000007380	000000290	000000304	000000370
[71325.204879] kmalloc:2^63+0	000005510	000066826	000552080	000000300	000000373	000000840
[71325.205050] kmalloc:2^63+1	000005440	000006097	000010200	000000290	000000310	000000410
[71325.205844] kmalloc:2^64+0	000000350	000062286	000554400	000000340	000016258	000141470
[71325.205965] kmalloc:2^64+1	000000360	000000707	000003300	000000340	000000432	000001030
[71325.206049] kzalloc:size	minAlloc	avrAlloc	maxAlloc	minFree		avrFree		maxFree
[71325.207088] kzalloc:2^00+0	000000400	000062746	000559620	000000350	000001431	000009880
[71325.207532] kzalloc:2^00+1	000000400	000005998	000050040	000000340	000000454	000000950
[71325.207637] kzalloc:2^01+0	000000400	000000515	000001300	000000340	000000394	000000730
[71325.207729] kzalloc:2^01+1	000000390	000000548	000001360	000000340	000000404	000000650
[71325.208126] kzalloc:2^02+0	000000400	000000447	000000820	000000350	000000372	000000450
[71325.208914] kzalloc:2^02+1	000000400	000068240	000609110	000000350	000000497	000001560
[71325.209015] kzalloc:2^03+0	000000390	000000447	000000840	000000340	000000400	000000790
[71325.209091] kzalloc:2^03+1	000000410	000000508	000001210	000000320	000000363	000000610
[71325.209736] kzalloc:2^04+0	000000420	000050381	000448630	000000330	000000436	000001160
[71325.209830] kzalloc:2^04+1	000000440	000000570	000001400	000000330	000000376	000000710
[71325.209904] kzalloc:2^05+0	000000430	000000473	000000750	000000330	000000338	000000400
[71325.209978] kzalloc:2^05+1	000000550	000000638	000001130	000000370	000000435	000000850
[71325.210050] kzalloc:2^06+0	000000550	000000587	000000830	000000370	000000377	000000430
[71325.210692] kzalloc:2^06+1	000000580	000052137	000462650	000000350	000000566	000001110
[71325.210787] kzalloc:2^07+0	000000630	000000742	000001510	000000320	000000391	000000840
[71325.210865] kzalloc:2^07+1	000000750	000000822	000001340	000000330	000000375	000000700
[71325.210941] kzalloc:2^08+0	000000890	000000995	000001720	000000320	000000353	000000530
[71325.211020] kzalloc:2^08+1	000001350	000001433	000002000	000000330	000000346	000000460
[71325.211099] kzalloc:2^09+0	000001360	000001400	000001580	000000330	000000344	000000400
[71325.211801] kzalloc:2^09+1	000002330	000059403	000514490	000000330	000000430	000001110
[71325.211911] kzalloc:2^10+0	000002310	000002385	000002680	000000320	000000372	000000660
[71325.212022] kzalloc:2^10+1	000004310	000004440	000005120	000000390	000000480	000000980
[71325.212630] kzalloc:2^11+0	000004320	000058754	000395700	000000410	000000600	000001400
[71325.212799] kzalloc:2^11+1	000008080	000008787	000012910	000000340	000000434	000000850
[71325.212945] kzalloc:2^12+0	000008080	000008204	000008680	000000330	000000352	000000430
[71325.213774] kzalloc:2^12+1	000015860	000083297	000504290	000000340	000000540	000001270
[71325.214011] kzalloc:2^13+0	000015820	000015952	000016550	000000330	000000385	000000720
[71325.214705] kzalloc:2^13+1	000010580	000066213	000396490	000001190	000002324	000005420
[71325.214903] kzalloc:2^14+0	000010480	000010793	000012770	000001170	000001256	000001790
[71325.215640] kzalloc:2^14+1	000018670	000070917	000393240	000000680	000002232	000011240
[71325.215907] kzalloc:2^15+0	000018680	000019146	000021810	000000680	000000772	000001390
[71325.216841] kzalloc:2^15+1	000036550	000093800	000415340	000000830	000001312	000003110
[71325.217689] kzalloc:2^16+0	000036530	000082212	000351280	000000820	000001263	000003220
[71325.218992] kzalloc:2^16+1	000075090	000131381	000416860	000001570	000002468	000005080
[71325.220402] kzalloc:2^17+0	000076140	000140891	000392650	000001770	000002966	000004630
[71325.223753] kzalloc:2^17+1	000152830	000352732	001022750	000001860	000004401	000015210
[71325.228085] kzalloc:2^18+0	000152090	000464967	002749390	000001750	000002611	000005390
[71325.232778] kzalloc:2^18+1	000303840	000497860	001011920	000002720	000003960	000006060
[71325.236524] kzalloc:2^19+0	000307310	000397323	000682180	000003170	000004231	000006600
[71325.243804] kzalloc:2^19+1	000581610	000785720	001354280	000004880	000006785	000014120
[71325.250326] kzalloc:2^20+0	000587160	000703118	001116560	000005310	000006423	000008340
[71325.267604] kzalloc:2^20+1	001334920	001892044	003293760	000008600	000010192	000012750
[71325.280774] kzalloc:2^21+0	001285910	001438246	001886090	000007390	000009056	000013380
[71325.306299] kzalloc:2^21+1	002479240	002807372	004254550	000012010	000012825	000014790
[71325.330005] kzalloc:2^22+0	002481570	002607476	003020420	000012110	000012602	000014370
[71325.330624] kzalloc:2^22+1	000005490	000056148	000380730	000000300	000000415	000000720
[71325.330767] kzalloc:2^23+0	000005410	000005940	000009170	000000300	000000323	000000410
[71325.330890] kzalloc:2^23+1	000005400	000005763	000007860	000000290	000000306	000000350
[71325.331011] kzalloc:2^24+0	000005430	000005735	000007450	000000300	000000306	000000350
[71325.331131] kzalloc:2^24+1	000005420	000005715	000007420	000000300	000000305	000000330
[71325.331827] kzalloc:2^25+0	000005430	000058126	000475740	000000300	000000357	000000710
[71325.331966] kzalloc:2^25+1	000005430	000005865	000008480	000000290	000000296	000000340
[71325.332090] kzalloc:2^26+0	000005410	000005740	000007780	000000290	000000295	000000320
[71325.332686] kzalloc:2^26+1	000005470	000057596	000391770	000000290	000000366	000000660
[71325.332826] kzalloc:2^27+0	000005420	000005878	000008640	000000280	000000303	000000400
[71325.332950] kzalloc:2^27+1	000005390	000005753	000007960	000000290	000000294	000000320
[71325.333071] kzalloc:2^28+0	000005430	000005740	000007620	000000290	000000302	000000320
[71325.333719] kzalloc:2^28+1	000005480	000053797	000434510	000000290	000000357	000000680
[71325.333859] kzalloc:2^29+0	000005450	000005884	000008730	000000290	000000314	000000390
[71325.333982] kzalloc:2^29+1	000005450	000005751	000007640	000000290	000000310	000000370
[71325.334102] kzalloc:2^30+0	000005390	000005705	000007390	000000300	000000307	000000330
[71325.334825] kzalloc:2^30+1	000005480	000061540	000505830	000000300	000000365	000000730
[71325.334965] kzalloc:2^31+0	000005390	000005850	000008510	000000290	000000307	000000350
[71325.335089] kzalloc:2^31+1	000005410	000005761	000007770	000000300	000000308	000000360
[71325.335631] kzalloc:2^32+0	000000400	000042370	000373930	000000350	000009607	000082830
[71325.335722] kzalloc:2^32+1	000000400	000000443	000000730	000000340	000000396	000000780
[71325.335796] kzalloc:2^33+0	000000400	000000436	000000690	000000340	000000353	000000390
[71325.335866] kzalloc:2^33+1	000000400	000000428	000000600	000000340	000000350	000000390
[71325.335936] kzalloc:2^34+0	000000400	000000430	000000610	000000340	000000386	000000650
[71325.336006] kzalloc:2^34+1	000000400	000000431	000000620	000000340	000000353	000000370
[71325.336075] kzalloc:2^35+0	000000400	000000431	000000620	000000340	000000381	000000610
[71325.336145] kzalloc:2^35+1	000000410	000000492	000000930	000000330	000000371	000000580
[71325.336860] kzalloc:2^36+0	000000420	000062443	000557160	000000340	000000442	000001140
[71325.336953] kzalloc:2^36+1	000000440	000000562	000001400	000000320	000000373	000000680
[71325.337027] kzalloc:2^37+0	000000440	000000482	000000750	000000320	000000338	000000420
[71325.337100] kzalloc:2^37+1	000000560	000000633	000001080	000000370	000000434	000000860
[71325.337697] kzalloc:2^38+0	000000560	000047545	000421940	000000370	000000498	000001360
[71325.337791] kzalloc:2^38+1	000000580	000000681	000001340	000000350	000000423	000000890
[71325.337867] kzalloc:2^39+0	000000630	000000714	000001230	000000330	000000384	000000690
[71325.337941] kzalloc:2^39+1	000000750	000000813	000001190	000000330	000000347	000000390
[71325.338016] kzalloc:2^40+0	000000900	000001000	000001690	000000330	000000374	000000670
[71325.338094] kzalloc:2^40+1	000001360	000001433	000001920	000000330	000000352	000000460
[71325.338800] kzalloc:2^41+0	000001360	000060447	000531800	000000340	000000440	000001150
[71325.338913] kzalloc:2^41+1	000002310	000002420	000003060	000000320	000000387	000000830
[71325.339020] kzalloc:2^42+0	000002320	000003275	000004850	000000330	000000433	000000600
[71325.339642] kzalloc:2^42+1	000004360	000060220	000416950	000000400	000000624	000001390
[71325.339771] kzalloc:2^43+0	000004320	000004447	000005190	000000380	000000446	000000880
[71325.339915] kzalloc:2^43+1	000008110	000008188	000008620	000000320	000000380	000000710
[71325.340056] kzalloc:2^44+0	000008080	000008186	000008530	000000330	000000345	000000450
[71325.340760] kzalloc:2^44+1	000015830	000061316	000423370	000000320	000000446	000001210
[71325.340991] kzalloc:2^45+0	000015800	000015955	000016510	000000320	000000373	000000720
[71325.341627] kzalloc:2^45+1	000010570	000059996	000356980	000001330	000002264	000004750
[71325.341822] kzalloc:2^46+0	000010590	000010947	000013140	000001280	000001396	000002160
[71325.342070] kzalloc:2^46+1	000018660	000019130	000022100	000000680	000000785	000001390
[71325.343119] kzalloc:2^47+0	000018680	000063058	000416330	000000680	000000993	000003010
[71325.343664] kzalloc:2^47+1	000036470	000040851	000074750	000000820	000000957	000001740
[71325.344075] kzalloc:2^48+0	000036410	000036635	000037680	000000800	000000861	000001160
[71325.345410] kzalloc:2^48+1	000075120	000137583	000459590	000001610	000002534	000004610
[71325.346255] kzalloc:2^49+0	000075010	000082358	000136340	000001470	000001891	000003050
[71325.348224] kzalloc:2^49+1	000153740	000207434	000488100	000001660	000002391	000004410
[71325.350798] kzalloc:2^50+0	000152210	000273144	000797320	000001760	000002481	000004230
[71325.354313] kzalloc:2^50+1	000303040	000375911	000589990	000003190	000003946	000005460
[71325.357733] kzalloc:2^51+0	000307640	000365377	000581510	000002850	000003745	000005310
[71325.363831] kzalloc:2^51+1	000579980	000660723	000978850	000004890	000006008	000009200
[71325.369919] kzalloc:2^52+0	000588950	000659991	000955580	000004980	000005644	000007140
[71325.382301] kzalloc:2^52+1	001224240	001351796	001594250	000007240	000012912	000052880
[71325.394144] kzalloc:2^53+0	001227650	001296674	001629600	000007290	000007732	000008750
[71325.417215] kzalloc:2^53+1	002414280	002531542	002845750	000011810	000015646	000042060
[71325.439946] kzalloc:2^54+0	002410490	002500530	002912860	000011890	000012254	000013950
[71325.440168] kzalloc:2^54+1	000005300	000013081	000053540	000000290	000000352	000000570
[71325.440723] kzalloc:2^55+0	000005330	000052711	000427970	000000300	000000370	000000800
[71325.440861] kzalloc:2^55+1	000005370	000005847	000008920	000000290	000000305	000000370
[71325.440982] kzalloc:2^56+0	000005350	000005675	000007610	000000290	000000296	000000320
[71325.441100] kzalloc:2^56+1	000005330	000005600	000007230	000000290	000000297	000000340
[71325.441751] kzalloc:2^57+0	000005320	000053932	000439050	000000290	000000347	000000660
[71325.441887] kzalloc:2^57+1	000005320	000005757	000008620	000000280	000000296	000000360
[71325.442007] kzalloc:2^58+0	000005280	000005611	000007440	000000280	000000294	000000350
[71325.442192] kzalloc:2^58+1	000005320	000005584	000007260	000000280	000000296	000000330
[71325.442844] kzalloc:2^59+0	000005340	000053678	000436410	000000290	000000346	000000680
[71325.442981] kzalloc:2^59+1	000005300	000005712	000008340	000000280	000000302	000000370
[71325.443103] kzalloc:2^60+0	000005260	000005641	000007830	000000280	000000294	000000330
[71325.443690] kzalloc:2^60+1	000005310	000047385	000379970	000000290	000000355	000000710
[71325.443827] kzalloc:2^61+0	000005310	000005750	000008660	000000280	000000297	000000400
[71325.443948] kzalloc:2^61+1	000005310	000005632	000007700	000000280	000000297	000000360
[71325.444066] kzalloc:2^62+0	000005260	000005590	000007430	000000290	000000300	000000330
[71325.444742] kzalloc:2^62+1	000005380	000066703	000462380	000000290	000000382	000000670
[71325.444880] kzalloc:2^63+0	000005370	000005846	000008720	000000270	000000292	000000330
[71325.445000] kzalloc:2^63+1	000005310	000005652	000007620	000000280	000000296	000000370
[71325.445075] kzalloc:2^64+0	000000390	000000725	000003180	000000330	000000407	000000880
[71325.445144] kzalloc:2^64+1	000000380	000000421	000000650	000000330	000000345	000000410
[71325.445287] vmalloc:size	minAlloc	avrAlloc	maxAlloc	minFree		avrFree		maxFree
[71325.446105] vmalloc:2^00+0	000002110	000062156	000535660	000001130	000003173	000017290
[71325.446346] vmalloc:2^00+1	000002130	000006135	000035810	000001110	000001476	000003450
[71325.446464] vmalloc:2^01+0	000002120	000002663	000005600	000001090	000001353	000002730
[71325.446564] vmalloc:2^01+1	000002120	000002498	000004520	000001080	000001216	000001980
[71325.446663] vmalloc:2^02+0	000002160	000002500	000004480	000001100	000001240	000002030
[71325.446761] vmalloc:2^02+1	000002170	000002472	000004290	000001100	000001260	000002040
[71325.446862] vmalloc:2^03+0	000002240	000002787	000004170	000001120	000001263	000001940
[71325.446961] vmalloc:2^03+1	000002220	000002594	000004380	000001120	000001256	000001960
[71325.447059] vmalloc:2^04+0	000002220	000002511	000004120	000001110	000001243	000001960
[71325.447874] vmalloc:2^04+1	000002270	000073256	000637550	000001140	000001930	000006620
[71325.447992] vmalloc:2^05+0	000002220	000002656	000005130	000001110	000001320	000002500
[71325.448093] vmalloc:2^05+1	000002230	000002560	000004500	000001110	000001264	000002100
[71325.448710] vmalloc:2^06+0	000002280	000048663	000414320	000001130	000001908	000006110
[71325.448832] vmalloc:2^06+1	000002310	000002941	000006190	000001160	000001425	000002710
[71325.448935] vmalloc:2^07+0	000002290	000002681	000004750	000001140	000001331	000002250
[71325.449036] vmalloc:2^07+1	000002270	000002647	000004740	000001140	000001313	000002240
[71325.449136] vmalloc:2^08+0	000002270	000002665	000004630	000001120	000001294	000002180
[71325.449790] vmalloc:2^08+1	000002310	000053310	000457300	000001140	000001930	000006280
[71325.449910] vmalloc:2^09+0	000002250	000002774	000005380	000001140	000001360	000002650
[71325.450015] vmalloc:2^09+1	000002330	000002936	000004880	000001130	000001336	000002220
[71325.450116] vmalloc:2^10+0	000002310	000002680	000004650	000001140	000001310	000002080
[71325.450718] vmalloc:2^10+1	000002340	000048153	000411080	000001160	000001922	000006380
[71325.450839] vmalloc:2^11+0	000002320	000002846	000005420	000001170	000001375	000002600
[71325.450942] vmalloc:2^11+1	000002280	000002673	000004910	000001150	000001310	000002140
[71325.451042] vmalloc:2^12+0	000002340	000002690	000004690	000001130	000001276	000002040
[71325.451153] vmalloc:2^12+1	000002550	000002915	000004940	000001330	000001505	000002420
[71325.451798] vmalloc:2^13+0	000002530	000052913	000449870	000001350	000002184	000006650
[71325.451937] vmalloc:2^13+1	000003000	000004133	000010900	000001860	000002221	000004230
[71325.452060] vmalloc:2^14+0	000003170	000003722	000006160	000002010	000002303	000003630
[71325.452679] vmalloc:2^14+1	000003620	000048537	000400170	000002220	000011972	000080780
[71325.452831] vmalloc:2^15+0	000004150	000004842	000008040	000002670	000002944	000004230
[71325.452972] vmalloc:2^15+1	000004410	000004978	000007720	000002820	000003106	000004280
[71325.453139] vmalloc:2^16+0	000005900	000006793	000012240	000003910	000004252	000006000
[71325.453829] vmalloc:2^16+1	000006230	000054261	000429830	000004210	000005244	000010780
[71325.454083] vmalloc:2^17+0	000009740	000010996	000017850	000007210	000008103	000014010
[71325.454757] vmalloc:2^17+1	000010100	000057202	000417880	000007210	000009156	000014660
[71325.455683] vmalloc:2^18+0	000022760	000058107	000310440	000022150	000034842	000107700
[71325.456575] vmalloc:2^18+1	000022470	000056171	000305910	000020110	000032953	000097480
[71325.457968] vmalloc:2^19+0	000047990	000083917	000341930	000047360	000060940	000134030
[71325.459459] vmalloc:2^19+1	000049630	000095378	000331070	000048040	000060394	000128740
[71325.461925] vmalloc:2^20+0	000102220	000140786	000389140	000104200	000123285	000176900
[71325.464628] vmalloc:2^20+1	000102830	000149336	000390450	000102870	000140924	000334860
[71325.470375] vmalloc:2^21+0	000208950	000285310	000690950	000219020	000343215	001232610
[71325.475231] vmalloc:2^21+1	000219630	000267206	000523950	000228780	000262005	000294830
[71325.483343] vmalloc:2^22+0	000395520	000460592	000698150	000390490	000430432	000484140
[71325.491495] vmalloc:2^22+1	000391130	000436824	000496210	000389270	000458682	000708540
[71325.506522] vmalloc:2^23+0	000736370	000822086	001093130	000716530	000836813	001315980
[71325.520997] vmalloc:2^23+1	000733200	000819255	001061020	000711320	000778304	000856930
[71325.548027] vmalloc:2^24+0	001452900	001532778	001915810	001363660	001459590	001509260
[71325.576835] vmalloc:2^24+1	001449530	001597204	002121210	001377260	001591175	002089800
[71325.630751] vmalloc:2^25+0	002954100	003135678	003581820	002762940	002841290	003201770
[71325.683416] vmalloc:2^25+1	002939550	003041802	003512680	002765860	002796720	002842870
[71325.789910] vmalloc:2^26+0	005777340	006079193	006454480	005452960	005740096	006471000
[71325.892665] vmalloc:2^26+1	005764320	005913861	006392250	005422310	005489411	005665370
[71325.907929] vmalloc:2^27+1	000000520	000180645	001620890	000000260	000000282	000000410
[71325.907950] vmalloc:2^28+0	000000520	000000564	000000840	000000260	000000265	000000270
[71325.908022] vmalloc:2^28+1	000000530	000000578	000000910	000000260	000000273	000000300
[71325.908090] vmalloc:2^29+0	000000530	000000565	000000800	000000260	000000274	000000290
[71325.908194] vmalloc:2^29+1	000000520	000000614	000001250	000000260	000000272	000000330
[71325.908278] vmalloc:2^30+0	000000510	000000592	000001050	000000260	000000273	000000310
[71325.908346] vmalloc:2^30+1	000000520	000000548	000000760	000000260	000000273	000000320
[71325.908414] vmalloc:2^31+0	000000520	000000545	000000730	000000260	000000267	000000280
[71325.908482] vmalloc:2^31+1	000000520	000000580	000000940	000000260	000000270	000000290
[71325.942882] vmalloc:2^32+0	000002050	003811465	034281290	000001100	000002446	000010790
[71325.943012] vmalloc:2^32+1	000002060	000002608	000005380	000001090	000001306	000002560
[71325.943121] vmalloc:2^33+0	000002100	000002491	000004710	000001080	000001270	000002300
[71325.944339] vmalloc:2^33+1	000002140	000115763	001020830	000001130	000001882	000005980
[71325.944458] vmalloc:2^34+0	000002120	000002568	000005220	000001130	000001336	000002710
[71325.944560] vmalloc:2^34+1	000002150	000002520	000004650	000001120	000001288	000002210
[71325.944663] vmalloc:2^35+0	000002180	000002852	000004660	000001130	000001316	000002150
[71325.944764] vmalloc:2^35+1	000002180	000002712	000004700	000001130	000001263	000002070
[71325.944864] vmalloc:2^36+0	000002190	000002572	000004510	000001110	000001273	000002030
[71325.944962] vmalloc:2^36+1	000002200	000002523	000004320	000001130	000001280	000002020
[71325.945061] vmalloc:2^37+0	000002170	000002504	000004390	000001130	000001291	000002020
[71325.945160] vmalloc:2^37+1	000002200	000002512	000004330	000001130	000001254	000001980
[71325.947343] vmalloc:2^38+0	000002250	000224813	002001570	000001150	000001904	000006150
[71325.947465] vmalloc:2^38+1	000002230	000002941	000005350	000001130	000001385	000002670
[71325.947572] vmalloc:2^39+0	000002280	000002875	000004800	000001130	000001344	000002140
[71325.947674] vmalloc:2^39+1	000002270	000002690	000004850	000001160	000001302	000002110
[71325.947775] vmalloc:2^40+0	000002310	000002677	000004950	000001150	000001332	000002230
[71325.947876] vmalloc:2^40+1	000002230	000002621	000004730	000001170	000001314	000002030
[71325.947977] vmalloc:2^41+0	000002300	000002611	000004490	000001150	000001322	000002190
[71325.948077] vmalloc:2^41+1	000002280	000002626	000004630	000001150	000001297	000002060
[71325.950093] vmalloc:2^42+0	000002390	000012842	000082560	000001160	000203032	001813930
[71325.950698] vmalloc:2^42+1	000002340	000047357	000403530	000001160	000001962	000006460
[71325.950819] vmalloc:2^43+0	000002310	000002876	000005700	000001170	000001366	000002510
[71325.950925] vmalloc:2^43+1	000002270	000002825	000004900	000001160	000001344	000002230
[71325.951026] vmalloc:2^44+0	000002260	000002671	000004940	000001150	000001324	000002170
[71325.951133] vmalloc:2^44+1	000002550	000003090	000005390	000001320	000001507	000002520
[71325.953771] vmalloc:2^45+0	000002620	000273740	002438340	000001360	000002158	000006810
[71325.953906] vmalloc:2^45+1	000002950	000003823	000006890	000001510	000001828	000003020
[71325.954026] vmalloc:2^46+0	000003100	000003763	000006540	000001680	000001923	000003000
[71325.955286] vmalloc:2^46+1	000003500	000012645	000069520	000001950	000119125	001052990
[71325.955439] vmalloc:2^47+0	000004190	000005042	000008150	000002450	000002765	000004050
[71325.955579] vmalloc:2^47+1	000004370	000004994	000007460	000002570	000002862	000004190
[71325.955740] vmalloc:2^48+0	000005880	000006547	000009260	000003700	000003966	000004970
[71325.955903] vmalloc:2^48+1	000006140	000006738	000009430	000003840	000004100	000005340
[71325.956124] vmalloc:2^49+0	000009480	000010060	000012640	000006110	000006371	000007460
[71325.958724] vmalloc:2^49+1	000009960	000264361	002290700	000006260	000007212	000012510
[71325.960937] vmalloc:2^50+0	000022170	000206746	001669620	000017510	000029236	000099320
[71325.962976] vmalloc:2^50+1	000023230	000178357	000810700	000019860	000038138	000099630
[71325.966941] vmalloc:2^51+0	000050080	000356855	001611240	000051650	000073536	000137090
[71325.969123] vmalloc:2^51+1	000050130	000178248	001181640	000051170	000054147	000062270
[71325.974085] vmalloc:2^52+0	000096690	000415990	002130140	000099920	000116778	000186590
[71325.976836] vmalloc:2^52+1	000102220	000147206	000407240	000104700	000141366	000370230
[71325.981792] vmalloc:2^53+0	000210690	000270306	000641880	000243440	000270213	000321490
[71325.987512] vmalloc:2^53+1	000213840	000296918	000562890	000229920	000328314	000986160
[71325.995862] vmalloc:2^54+0	000384620	000458446	000650940	000427230	000458906	000507040
[71326.004398] vmalloc:2^54+1	000394740	000494876	000705730	000410750	000439328	000494810
[71326.020909] vmalloc:2^55+0	000735140	000912375	001434530	000784250	000909475	001404840
[71326.035699] vmalloc:2^55+1	000734670	000860507	001326790	000707380	000770061	000853960
[71326.063423] vmalloc:2^56+0	001452300	001609406	002076370	001368760	001459348	001499730
[71326.090981] vmalloc:2^56+1	001480720	001604276	001976120	001366000	001445952	001599690
[71326.143446] vmalloc:2^57+0	002948140	003020822	003406970	002769230	002796241	002872420
[71326.196146] vmalloc:2^57+1	002940940	003036578	003406310	002772510	002806538	002851110
[71326.299639] vmalloc:2^58+0	005743560	005993112	006471940	005406680	005488446	005583070
[71326.403229] vmalloc:2^58+1	005785170	005902033	006350070	005455400	005593847	006120250
[71326.403339] vmalloc:2^59+0	000000530	000000975	000004080	000000260	000000298	000000510
[71326.403413] vmalloc:2^59+1	000000520	000000586	000001040	000000260	000000273	000000310
[71326.403481] vmalloc:2^60+0	000000520	000000564	000000840	000000260	000000273	000000330
[71326.403549] vmalloc:2^60+1	000000520	000000548	000000690	000000260	000000268	000000300
[71326.403617] vmalloc:2^61+0	000000520	000000575	000000900	000000260	000000270	000000310
[71326.403684] vmalloc:2^61+1	000000520	000000543	000000650	000000260	000000274	000000300
[71326.403751] vmalloc:2^62+0	000000530	000000547	000000670	000000260	000000272	000000300
[71326.403818] vmalloc:2^62+1	000000520	000000568	000000850	000000260	000000272	000000300
[71326.403885] vmalloc:2^63+0	000000530	000000546	000000670	000000260	000000270	000000310
[71326.403952] vmalloc:2^63+1	000000520	000000542	000000650	000000260	000000273	000000300
[71326.404086] vmalloc:2^64+0	000002140	000006373	000035940	000001090	000001504	000003660
[71326.407422] vmalloc:2^64+1	000002220	000010698	000062940	000001130	000351525	003150980
[71326.407518] GDP:pageNum	minAlloc	avrAlloc	maxAlloc	minFree		avrFree		maxFree
[71326.407753] GFP:2^00	000000480	000002568	000018750	000000430	000001436	000009100
[71326.407844] GFP:2^01	000000720	000001485	000004680	000000620	000001306	000004560
[71326.407922] GFP:2^02	000000710	000000877	000002000	000000600	000000686	000001270
[71326.408002] GFP:2^03	000000750	000001205	000002030	000000640	000000872	000001900
[71326.408084] GFP:2^04	000000820	000001167	000001720	000000740	000001114	000001580
[71326.409477] GFP:2^05	000001140	000135323	001206110	000000840	000001388	000003320
[71326.409583] GFP:2^06	000001090	000001362	000002750	000001080	000001303	000001860
[71326.409680] GFP:2^07	000001460	000001710	000002810	000001540	000001825	000002920
[71326.409788] GFP:2^08	000002200	000002432	000003350	000002490	000002680	000003570
[71326.409926] GFP:2^09	000003750	000003964	000005340	000004510	000004600	000004910
[71326.410127] GFP:2^10	000006860	000007162	000009230	000008360	000008425	000008710
[71326.411362] GFP:2^11	000006860	000007162	000009230	000008360	000008425	000008710
[71326.411448] GFP:2^12	000006860	000007162	000009230	000008360	000008425	000008710
[71326.411516] GFP:2^13	000006860	000007162	000009230	000008360	000008425	000008710
[71326.411883] GFP:2^14	000006860	000007162	000009230	000008360	000008425	000008710
[71326.411947] GFP:2^15	000006860	000007162	000009230	000008360	000008425	000008710
[71326.412009] GFP:2^16	000006860	000007162	000009230	000008360	000008425	000008710
[71326.412072] GFP:2^17	000006860	000007162	000009230	000008360	000008425	000008710
[71326.412743] GFP:2^18	000006860	000007162	000009230	000008360	000008425	000008710
[71326.412829] GFP:2^19	000006860	000007162	000009230	000008360	000008425	000008710
[71326.412896] GFP:2^20	000006860	000007162	000009230	000008360	000008425	000008710
[71326.412960] GFP:2^21	000006860	000007162	000009230	000008360	000008425	000008710
[71326.413024] GFP:2^22	000006860	000007162	000009230	000008360	000008425	000008710
[71326.413086] GFP:2^23	000006860	000007162	000009230	000008360	000008425	000008710
[71326.413236] GFP:2^24	000006860	000007162	000009230	000008360	000008425	000008710
[71326.413885] GFP:2^25	000006860	000007162	000009230	000008360	000008425	000008710
[71326.413972] GFP:2^26	000006860	000007162	000009230	000008360	000008425	000008710
[71326.414040] GFP:2^27	000006860	000007162	000009230	000008360	000008425	000008710
[71326.414104] GFP:2^28	000006860	000007162	000009230	000008360	000008425	000008710
[71326.414709] GFP:2^29	000006860	000007162	000009230	000008360	000008425	000008710
[71326.414795] GFP:2^30	000006860	000007162	000009230	000008360	000008425	000008710
[71326.414864] GFP:2^31	000006860	000007162	000009230	000008360	000008425	000008710
[71326.414928] GFP:2^32	000006860	000007162	000009230	000008360	000008425	000008710
[71326.414992] GFP:2^33	000006860	000007162	000009230	000008360	000008425	000008710
[71326.415055] GFP:2^34	000006860	000007162	000009230	000008360	000008425	000008710
[71326.415118] GFP:2^35	000006860	000007162	000009230	000008360	000008425	000008710
[71326.415823] GFP:2^36	000006860	000007162	000009230	000008360	000008425	000008710
[71326.415909] GFP:2^37	000006860	000007162	000009230	000008360	000008425	000008710
[71326.415977] GFP:2^38	000006860	000007162	000009230	000008360	000008425	000008710
[71326.416042] GFP:2^39	000006860	000007162	000009230	000008360	000008425	000008710
[71326.416106] GFP:2^40	000006860	000007162	000009230	000008360	000008425	000008710
[71326.416699] GFP:2^41	000006860	000007162	000009230	000008360	000008425	000008710
[71326.416785] GFP:2^42	000006860	000007162	000009230	000008360	000008425	000008710
[71326.416853] GFP:2^43	000006860	000007162	000009230	000008360	000008425	000008710
[71326.416917] GFP:2^44	000006860	000007162	000009230	000008360	000008425	000008710
[71326.416981] GFP:2^45	000006860	000007162	000009230	000008360	000008425	000008710
[71326.417044] GFP:2^46	000006860	000007162	000009230	000008360	000008425	000008710
[71326.417107] GFP:2^47	000006860	000007162	000009230	000008360	000008425	000008710
[71326.417836] GFP:2^48	000006860	000007162	000009230	000008360	000008425	000008710
[71326.417922] GFP:2^49	000006860	000007162	000009230	000008360	000008425	000008710
[71326.417990] GFP:2^50	000006860	000007162	000009230	000008360	000008425	000008710
[71326.418055] GFP:2^51	000006860	000007162	000009230	000008360	000008425	000008710
[71326.418119] GFP:2^52	000006860	000007162	000009230	000008360	000008425	000008710
[71326.418766] GFP:2^53	000006860	000007162	000009230	000008360	000008425	000008710
[71326.418851] GFP:2^54	000006860	000007162	000009230	000008360	000008425	000008710
[71326.418919] GFP:2^55	000006860	000007162	000009230	000008360	000008425	000008710
[71326.418983] GFP:2^56	000006860	000007162	000009230	000008360	000008425	000008710
[71326.419046] GFP:2^57	000006860	000007162	000009230	000008360	000008425	000008710
[71326.419109] GFP:2^58	000006860	000007162	000009230	000008360	000008425	000008710
[71326.419743] GFP:2^59	000006860	000007162	000009230	000008360	000008425	000008710
[71326.419829] GFP:2^60	000006860	000007162	000009230	000008360	000008425	000008710
[71326.419896] GFP:2^61	000006860	000007162	000009230	000008360	000008425	000008710
[71326.419960] GFP:2^62	000006860	000007162	000009230	000008360	000008425	000008710
[71326.420023] GFP:2^63	000006860	000007162	000009230	000008360	000008425	000008710
