calloc:
number  addr            size            allocate(ns)    free(ns)
 1      0x556eef5f1b00            1            535              327
 2      0x556eef5f1b20            2            127               61
 3      0x556eef5f1b40            4             76               53
 4      0x556eef5f1b60            8             73               65
 5      0x556eef5f1b80           16            152               63
 6      0x556eef5f1ba0           32            127               58
 7      0x556eef5f1bd0           64            115               58
 8      0x556eef5f1c20          128            240               47
 9      0x556eef5f1cb0          256            186               55
10      0x556eef5f1dc0          512            217              121
11      0x556eef5f1fd0         1024            469               64
12      0x556eef5f23e0         2048            341              256
13      0x556eef5f23e0         4096            344              120
14      0x556eef5f23e0         8192           6884              180
15      0x556eef5f23e0        16384           3043               80
16      0x556eef5f23e0        32768           7938              115
17      0x556eef5f23e0        65536          20111              122
18      0x556eef5f23e0       131072          49798              152
19      0x556eef5f23e0       262144          93059              172
20      0x556eef5f23e0       524288          26449              156
21      0x556eef5f23e0      1048576         271712              343
22      0x556eef5f23e0      2097152         697081             3108
23      0x556eef5f23e0      4194304        1438586              513
24      0x556eef5f23e0      8388608        1224788              259
25      0x556eef5f23e0     16777216        2624540             1281
26      0x7ff2d276c010     33554432          14791            13670
27      0x7ff2d076c010     67108864           7758             5991
28      0x7ff2cc76c010    134217728           7020             6433
29      0x7ff2c476c010    268435456           5879             6297
30      0x7ff2b476c010    536870912           7065             8281
31      0x7ff29476c010   1073741824           6744            11658
32      0x7ff25476c010   2147483648           6910            11020
33      0x7ff1d476c010   4294967296          14098            49142
34      0x7ff0d476c010   8589934592           7759            11242
35           (nil)      17179869184           5426                0
36           (nil)      34359738368           3478                0

