malloc:
number  addr            size            allocate(ns)    free(ns)
 1      0x556eef5f12a0            1          49601              276
 2      0x556eef5f12a0            2            212               59
 3      0x556eef5f12a0            4             41               52
 4      0x556eef5f12a0            8             74               58
 5      0x556eef5f12a0           16            122               41
 6      0x556eef5f12c0           32            198               54
 7      0x556eef5f12f0           64             63               47
 8      0x556eef5f1340          128            109              111
 9      0x556eef5f13d0          256             79               89
10      0x556eef5f14e0          512            279              187
11      0x556eef5f16f0         1024            134               47
12      0x556eef5f1b00         2048           2377              338
13      0x556eef5f1b00         4096            148               96
14      0x556eef5f1b00         8192           2112               84
15      0x556eef5f1b00        16384           1898               80
16      0x556eef5f1b00        32768           2139               70
17      0x556eef5f1b00        65536           3299               62
18      0x556eef5f1b00       131072           2412               66
19      0x7ff2d472c010       262144           6620             7187
20      0x7ff2d46ec010       524288           4411             2970
21      0x7ff2d466c010      1048576           3407             3395
22      0x7ff2d456c010      2097152           4714             5534
23      0x7ff2d436c010      4194304           5603             3822
24      0x7ff2d3f6c010      8388608           4491             3994
25      0x7ff2d376c010     16777216           5496             4096
26      0x7ff2d276c010     33554432           4948             4958
27      0x7ff2d076c010     67108864           4686             4446
28      0x7ff2cc76c010    134217728           4590             4763
29      0x7ff2c476c010    268435456           5121             5997
30      0x7ff2b476c010    536870912           5378             7389
31      0x7ff29476c010   1073741824           5275            10870
32      0x7ff25476c010   2147483648           6146            10416
33      0x7ff1d476c010   4294967296           6128            10205
34      0x7ff0d476c010   8589934592           5483            10460
35           (nil)      17179869184           4332                0
36           (nil)      34359738368           3256                0

