$ cat /sys/class/class_memory/kmalloc_stat 
$ dmesg
[ 6423.187853]  0               1          330         7684        72761          280         1668        13950
[ 6423.190176]  1               2          338          634         3161          280          380         1176
[ 6423.190306]  2               4          341          398          878          281          303          476
[ 6423.190409]  3               8          338          372          624          283          303          404
[ 6423.190509]  4              16          330          482         1775          275          302          503
[ 6423.190606]  5              32          332          359          582          271          299          456
[ 6423.190702]  6              64          332          400          948          274          290          423
[ 6423.190802]  7             128          331          369          683          271          293          453
[ 6423.190898]  8             256          337          392          819          271          291          402
[ 6423.194938]  9             512          324       371380      3709277          255          440         1928
[ 6423.195185] 10            1024          315         3808        34848          254          327          932
[ 6423.195285] 11            2048          317          404         1128          251          274          436
[ 6423.195378] 12            4096          315          377          902          253          298          666
[ 6423.195469] 13            8192          314          383          944          255          270          391
[ 6423.195762] 14           16384          876        15121       141554          605         5406        47544
[ 6423.198242] 15           32768          937       223633      2222328          674        13630       126252
[ 6423.198377] 16           65536         1044         1193         2179          749          884         1542
[ 6423.198493] 17          131072         1275         1392         2092          964         1053         1647
[ 6423.198614] 18          262144         1729         1829         2479         1368         1527         2374
[ 6423.198751] 19          524288         2612         2755         3747         2170         2305         3369
[ 6423.199021] 20         1048576         4397         4526         5457         3792        13429        99111
[ 6423.200100] 21         2097152         7993        89682       700287         7038         7586        10362
[ 6423.200525] 22         4194304        15213        15726        19411        13561        15654        33610
[ 6423.201403] 23                8388608 Memory not allocated
[ 6423.202494] 24               16777216 Memory not allocated
[ 6423.202577] 25               33554432 Memory not allocated
[ 6423.202638] 26               67108864 Memory not allocated
[ 6423.202695] 27              134217728 Memory not allocated
[ 6423.202750] 28              268435456 Memory not allocated
[ 6423.202804] 29              536870912 Memory not allocated
[ 6423.202858] 30             1073741824 Memory not allocated

================================================================================================================

$ cat /sys/class/class_memory/get_pages 
$ dmesg
[ 6472.057611]  0               1          562         2769        21934          487         2416        19106
[ 6472.057866]  1               2          929         1762         8283          695         1375         6832
[ 6472.059309]  2               4          954        99095       979885          727         1483         7521
[ 6472.059488]  3               8         1065         1494         3201          796          986         1863
[ 6472.059623]  4              16         1088         1259         2131          889          995         1679
[ 6472.059773]  5              32         1360         1917         4425         1198         1597         3506
[ 6472.062342]  6              64         1636       237633      1914031         1552         3563         9385
[ 6472.062549]  7             128         2340         2571         4444         2405         2617         4272
[ 6472.062741]  8             256         3733         3953         5742         4138         4330         5776
[ 6472.063790]  9             512         6543        84756       650611         7558         8139        10884
[ 6472.064736] 10            1024        12208        64667       423667        14526        15065        17608
[ 6472.065558] 11            2048         7846        66227       431895          236         1376        10995
[ 6472.065777] 12            4096         7759         8198        11009          229          245          321
[ 6472.067354] 13            8192         7910        72155       646184          236          299          723
[ 6472.067575] 14           16384         7775         8162        10998          233          248          325
[ 6472.067770] 15           32768         7776         8093         9890          236          255          361
[ 6472.068668] 16           65536         7783        77338       581063          232          314          734
[ 6472.068888] 17          131072         7773         8209        11178          232          247          333
[ 6472.069812] 18          262144         7881        65164       576441          233          307          724
[ 6472.070388] 19          524288         7763        14146        68656          234          265          439
[ 6472.070592] 20         1048576         7752         8148        10607          236          253          342
[ 6472.070783] 21         2097152         7815         8099         9806          239          263          355
[ 6472.071941] 22         4194304         7924        92735       850130          236          360          955
[ 6472.072360] 23         8388608         7802        13878        66020          233          276          597
[ 6472.072564] 24        16777216         7828         8382        12058          236          246          307
[ 6472.072761] 25        33554432         7760         8385        10989          237          246          307
[ 6472.073951] 26        67108864         7897       100159       807438          234          348          837
[ 6472.074510] 27       134217728         7878        22597       151269          233          284          653
[ 6472.074734] 28       268435456         7805         8995        14978          231          263          453
[ 6472.115697] 29       536870912         7912      4076211     40680420          230          413         1899
[ 6472.118623] 30      1073741824         8253       269738      2617917          250          380         1355

==========================================================================================================
$ cat /sys/class/class_memory/kzalloc_stat 
$ dmesg
[ 6542.673108]  0               1          497        15917       153754          350          457         1247
[ 6542.673317]  1               2          495          589         1299          350          406          751
[ 6542.673453]  2               4          492          547          927          350          369          516
[ 6542.673581]  3               8          497          541          816          348          369          493
[ 6542.673709]  4              16          519          585         1075          349          371          533
[ 6542.673836]  5              32          578          633         1009          345          363          459
[ 6542.675267]  6              64          695       117630      1167295          354          542         2031
[ 6542.675439]  7             128          893         1047         2076          349          435         1082
[ 6542.675583]  8             256         1349         1523         2661          350          428         1078
[ 6542.675730]  9             512         2208         2356         3442          351          431         1012
[ 6542.675892] 10            1024         3862         4084         5007          356          427          974
[ 6542.677248] 11            2048         7378       106205       992830          354          546         2021
[ 6542.677553] 12            4096        14205        14529        15528          362          451         1154
[ 6542.678721] 13            8192        28446       102279       639204          362          593         1844
[ 6542.679739] 14           16384        17344        82516       526521          880         2164         7933
[ 6542.683113] 15           32768        31184       312954      2148261          923         3476        16788
[ 6542.684014] 16           65536        55267        72615       153777         1094         1403         2367
[ 6542.686526] 17          131072       110335       232924      1117085         1382         2280         6993
[ 6542.692324] 18          262144       229931       538488       996127         5981        11652        21404
[ 6542.739533] 19          524288       455305       815033      2169302         3434         6245        22850
[ 6542.750116] 20         1048576       908440      1032091      1749315         6538         7379         9637
[ 6542.781900] 21         2097152      1919651      3125534      4285329        12655        26452        47147
[ 6542.844453] 22         4194304      2978946      4581439      6851541        16052        24088        57444
[ 6542.868853] 23                8388608 Memory not allocated
[ 6542.869137] 24               16777216 Memory not allocated
[ 6542.869220] 25               33554432 Memory not allocated
[ 6542.869291] 26               67108864 Memory not allocated
[ 6542.869362] 27              134217728 Memory not allocated
[ 6542.869431] 28              268435456 Memory not allocated
[ 6542.869499] 29              536870912 Memory not allocated
[ 6542.869566] 30             1073741824 Memory not allocated

===========================================================================================================
$ dmesg
[ 6615.100996]  0               1         2615       181687      1437429         1388        75010       725357
[ 6615.101223]  1               2         2554         3093         6387         1359         1605         3164
[ 6615.101380]  2               4         2569         3015         4340         1365         1510         2472
[ 6615.101530]  3               8         2579         2780         3857         1321         1437         2061
[ 6615.101680]  4              16         2557         2808         4055         1328         1434         2081
[ 6615.101871]  5              32         2629         6167        33683         1392         1659         2314
[ 6615.103156]  6              64         2554       105234      1023456         1336         2355         9542
[ 6615.103346]  7             128         2594         3406         5188         1346         1528         2563
[ 6615.103507]  8             256         2687         3387         4793         1388         1565         2510
[ 6615.103660]  9             512         2683         3145         4596         1374         1475         2077
[ 6615.103809] 10            1024         2610         2850         4060         1384         1471         2028
[ 6615.104834] 11            2048         2682        74765       718321         1383         2274         8181
[ 6615.105241] 12            4096         2662        11152        85319         1423         1777         4336
[ 6615.105464] 13            8192         3052         6342        33244         1662         4218        25907
[ 6615.105643] 14           16384         3850         4273         6846         2280         2494         4047
[ 6615.105842] 15           32768         5311         5613         6996         3470         3606         4361
[ 6615.107042] 16           65536         7933        92093       700247         5558         7418        18030
[ 6615.107433] 17          131072        13617        14984        23243         9858        10928        17263
[ 6615.109210] 18          262144        29839       108209       717931        24681        56311       165061
[ 6615.111661] 19          524288        63523       168566       885001        55603        59612        75203
[ 6615.157247] 20         1048576       142294      4382853     41834878       130538       156919       302427
[ 6615.164687] 21         2097152       289254       346695       493882       269639       379575      1202134
[ 6615.177242] 22         4194304       587116       641346       725248       550358       592580       719583
[ 6615.210207] 23         8388608      1252752      1680227      2019277      1205743      1575668      2010654
[ 6615.276900] 24        16777216      2090972      3056834      5473677      1915730      2622808      3371967
[ 6615.390294] 25        33554432      3965647      5393186      7128608      3729432      4903407      8000992
[ 6615.560289] 26        67108864      7318419      8482585     12477653      6861876      8493382     11520996

