$ cat /sys/my_memory_management/vmalloc-test 
Type mem: vmalloc-test
2^X	Buffer size(bytes)	Allocation time(nS)	Freeing time(nS)
2^0+0              1		015328			003234
2^0+1              2		010371			001169
2^1+0              2		001293			000835
2^1+1              3		001022			000966
2^2+0              4		002632			001006
2^2+1              5		001377			000825
2^3+0              8		001129			000775
2^3+1              9		003945			000967
2^4+0             16		001092			000692
2^4+1             17		000906			000697
2^5+0             32		003478			000875
2^5+1             33		001657			001076
2^6+0             64		001002			000806
2^6+1             65		001013			000734
2^7+0            128		001233			000962
2^7+1            129		001153			000862
2^8+0            256		001050			000849
2^8+1            257		001409			000842
2^9+0            512		000983			000845
2^9+1            513		006257			001206
2^10+0           1024		001223			000928
2^10+1           1025		001300			000819
2^11+0           2048		005398			000822
2^11+1           2049		001032			000822
2^12+0           4096		001069			000779
2^12+1           4097		002142			001477
2^13+0           8192		001143			001186
2^13+1           8193		003735			001276
2^14+0          16384		023704			001406
2^14+1          16385		001854			001416
2^15+0          32768		008012			001817
2^15+1          32769		012987			001920
2^16+0          65536		025221			002606
2^16+1          65537		007026			002630
2^17+0         131072		009645			004152
2^17+1         131073		006568			004253
2^18+0         262144		015418			012488
2^18+1         262145		015048			012414
2^19+0         524288		025718			021462
2^19+1         524289		023327			020727
2^20+0        1048576		048814			045173
2^20+1        1048577		044174			036536
2^21+0        2097152		094859			077265
2^21+1        2097153		099178			078234
2^22+0        4194304		214582			161386
2^22+1        4194305		213915			161189
2^23+0        8388608		406468			327205
2^23+1        8388609		465679			327322
2^24+0       16777216		851247			665295
2^24+1       16777217		814138			715886
2^25+0       33554432		1610511			1413501
2^25+1       33554433		1602984			1317974
2^26+0       67108864		2674705			1014262
2^26+1       67108865		1137492			960160
2^27+0      134217728		2378604			2015904
2^27+1      134217729		2359199			2036806
2^28+0      268435456		4753468			4119649
2^28+1      268435457		4808567			4082472
2^29+0      536870912		9571533			8064571
2^29+1      536870913		9661449			8070336
2^30+0     1073741824		19195311			16054356
2^30+1     1073741825		19241613			16021879
2^31+0     2147483648		39198875			32233063
2^31+1     2147483649		39106898			32717951
2^32+0     4294967296		142726258			66209131
2^32+1     4294967297		83177078			65309373
2^33+0     8589934592		Mem error
